$ANSIBLE_VAULT;1.1;AES256
63613466616436383362626363306236643265333765333031626665393239613665613037336165
3532343063316538613131623635333064363462366132310a613964303464306366376462363164
31306661393235666163366231363539373835363335346436393262333730393365653633363232
3963303138316266630a356339383366306334336539633663306235623835663230623536386465
37663163623432316130303137313166633031373138366366653932616164373933613638326630
65376464323931383163613132636563373963376165306537356636643065623136666438373032
37323234663632396339616466636363393364363135653262353737646439333839353732656439
65373736313533636162663135626433653236376139303864333033353765323961333464643437
34333937316239656432353133636266643163383531366536643366393633643662656538383365
66626562323863376335303330396236393531363130353130333333306130343561333935613663
65626564666638356335386533643234663734626434373631303366316232303634313262656631
32616635343264383337666638326366393530653232613431353961613236656339386231386565
35396562383639633463653464343637323033323866633437626561376562363337663136343861
38303931353731386534333064623936333064376265643433363962326536396265623332386331
35653363633363663939653466363765363133326637393937626535323339383262366435316630
30656235393431326632616330623533623832646663366133333939623137626662613633333538
61353265376137396262393637633835396462346435633765346337303238643465373336346164
66323962313736326631636166323030616639326437393564653236336231386430623337636634
64303763623735663731366165616138366563626433616239343664313364323063346230336463
61376663336566613136396435353966386431346439393835653063613238363665373038646564
30336332663535656335633135313366666165306261363265656639323439613961656564656533
66666361643032393634303030613563663361323764613162613637643030656364313362326236
65313266366663373537323231663133376166356439623936643966646530663065653138626136
63306638316566636437323762336431643632643237366534346134663237396138313136653030
35396339613732663036333732363436343763313634333763323431643738306361333432326635
39396433626130653934383862343631353766316238323538306362306236346535663161323166
62326265393931363461616638363664316532333131616433666565316430623335313536653964
35356331646630386661653165656238303561643630383331653233356136353863356530646437
36366264636437656561313835303537616631343033613139643564643063636437323632393961
38346139343365616330333031613264383831363464616339356133363234313734636132316232
63633063343764366237626139623531366633333137646330333438653637663961303939396538
38643532376566303165363232323532653830313936356363333032316537313435323933393566
65393633363130636338666530353232323938376537333033636538373866393638626639656330
66346139656632383334386236343032303166633930663036346432613238633936346232303766
66326337306266323336623135343530373136626132653030396534323765373964343830396331
39303365363466306366323135346530633561633161393737363966323161383136343366333033
31616230373566656631363533373934643434363065343064343762316332633862663762653639
32613131333038386639326131373030353839313866386265363161343562623532326339356138
39616161326364353333386165323038613862613662333138633335333732663439323536366139
37383033653039383762376165326634333563376266303132363734363230303236383864393133
39323130326462373461393337326566366264343865303630613139623065396234636239333262
37636336333862646336306435356538633764303631316632666431333031663462386338306662
66653538316237653362356463333962633530356337363330626638393862343437636530626264
36306166313734643333376537623935663565663234376231343965383835333134363439613338
61336435333539623633636263353730646630336163333738333530313161396261656130316330
37343039376633643036666332666136303434386534643939383236663333633630373764366166
31303038663239653861616363356333613130356331646435303232663037346338353363613164
66386434303232653361316265356437616536653563623636343331373136333833633361396534
35656162666632313964646130333239633966663065393266303532323765326266626132623934
62303163363230623639643038346535396562363238666130646130386637306264316665373538
37393961633963306636323033333139623262343638333934636130623839316436626138643535
36663566333262373866666635373266373961626164323332666361373163306663623239343463
65396237393563373661623033653035613334346434326639613561336438616332333136363433
34306436336563303332623239643765656531623134396463616535303330616261316363383433
39646235653465396266313333343865626166333162646562356665373466623666396339613137
37383065303231323765303035313238643238653230666234356538316537326137316366643230
33383361643963613265353634643236336136356332616134653135653635316632393034653237
36663864383539666666383431393532383664336337363363313066333637616361353030613664
62313762633336393061656631343834333639386139323166383964346464396437613934393531
39316138336265353266363164376635343066323230306534643436326139343335646630303864
65356363303438643764633533323130666334396364366431363133666365343839633165626632
39386530356131363936663330353234363338363334616337666261656430626339633864636630
30393038393036333063366663353663373330313366633039643962393265383261366236633433
30333234366130373731393534363266303261636337623331353132313631336530623535386239
38333562386231633066613630303337626562656264393564643837653630643666363237666435
33633633373734313762656336656330663561626138393136396564613631373735306338313166
37646363326365626237313238306638303165633334613231363233303632373861633833613236
31323738306639373132656639616539633231653738356138376531313339383133656265326232
35363465613366396234636563636561333961633533313232393634393232326236636562336463
61643664633761313239653637396536326138633565346432666164346431626133313037376332
62353663373933333132643836303065663139376637393461376637373639366339343738353964
31373335303463323264376361643739366639393631636338383139663632306639346630646130
36636438356661643533643466333231326466613836363061636437363566363730346235663562
37666566303333306130323663373032653965363366303135653433633738653630306162363562
63376539313139666363326236623562393166633062353462353734323464303230373037326563
31613836323565363266623533356134376531343334323832306661356266663965313065313465
66393931303731643738323534343639323637343431613838373966636363346165366463336538
38353933623330633035386132666336643831393666373663393437346534653061313663663937
63343832323961383637623134383362373830336533613466373236303635306330333739646232
61353361636565346661633832396539393832323936623630396163626532656464333434396636
65303832313234666335373862313962663630326137663431363839663037623738646237376261
33613965646233313833393438303339366161643434383164316330663736333733623962343461
66636532303532326335663762303532386261653432666336333864633231666261643337333763
64383062623132646231366665376632633833613862636335626162353965393633376634313338
33643865636164343638616166656137316435653936393964343166376334653130653264663031
30633466363634623935343234333137303035613638626133346335323763346535393831376532
65316564343362396131643866383434623766353662626439396339383232333231623563353537
64626634343862363235
